//Ship 1
0 0 0 0 0 0 0 0 0 0 0 0 0 0 0 0
0 1 1 0 0 0 0 0 0 0 0 0 0 1 1 0
1 0 0 1 0 0 1 1 1 1 0 0 1 0 0 1
1 1 1 1 0 1 1 1 1 1 1 0 1 1 1 1
1 1 1 1 0 1 1 0 0 1 1 0 1 1 1 1
1 1 1 1 0 1 0 0 0 0 1 0 1 1 1 1
1 1 1 1 1 1 1 1 1 1 1 1 1 1 1 1
1 1 1 1 1 1 0 1 1 0 1 1 1 1 1 1
1 1 1 1 1 1 0 1 1 0 1 1 1 1 1 1
1 1 1 1 1 1 1 1 1 1 1 1 1 1 1 1
1 1 1 1 1 1 1 1 1 1 1 1 1 1 1 1
1 1 1 1 0 0 1 1 1 1 0 0 1 1 1 1
1 1 1 1 0 0 0 1 1 0 0 0 1 1 1 1
1 1 1 1 0 0 0 0 0 0 0 0 1 1 1 1
0 1 1 0 0 0 0 0 0 0 0 0 0 1 1 0
0 0 0 0 0 0 0 0 0 0 0 0 0 0 0 0
//ship 2
0 0 0 0 0 0 0 1 1 0 0 0 0 0 0 0
0 0 0 0 0 0 1 1 1 1 0 0 0 0 0 0
0 0 0 0 0 0 1 1 1 1 0 0 0 0 0 0
0 0 0 0 0 0 1 0 0 1 0 0 0 0 0 0
0 0 0 0 0 1 0 0 0 0 1 0 0 0 0 0
0 0 0 0 0 1 1 1 1 1 1 0 0 0 0 0
0 0 0 0 1 0 1 1 1 1 0 1 0 0 0 0
0 0 0 1 1 0 1 1 1 1 0 1 1 0 0 0
0 0 1 1 1 0 1 1 1 1 0 1 1 1 0 0
0 1 1 1 1 0 1 1 1 1 0 1 1 1 1 0
1 1 1 1 1 0 1 1 1 1 0 1 1 1 1 1
1 1 1 1 1 0 1 1 1 1 0 1 1 1 1 1
1 1 1 1 1 0 1 1 1 1 0 1 1 1 1 1
1 1 1 1 1 1 0 1 1 0 1 1 1 1 1 1
0 0 0 0 0 0 1 0 0 1 0 0 0 0 0 0
0 0 0 0 0 0 0 1 1 0 0 0 0 0 0 0
//border
1 0 0 0 0 1 0 0 0 0 0 0 0 0 0 1
1 0 0 0 0 1 0 0 0 0 0 0 0 0 0 1
1 0 0 0 0 1 0 0 0 0 0 0 0 0 0 1
1 0 0 0 0 1 0 0 0 0 0 0 0 0 0 1
1 0 0 0 0 1 0 0 0 0 0 0 0 0 0 1
1 0 0 0 0 1 0 0 0 0 0 0 0 0 0 1
1 0 0 0 1 0 1 0 0 0 0 0 0 0 0 1
1 0 0 0 1 0 1 1 0 0 0 0 0 0 0 1
1 0 0 1 1 0 1 1 1 0 0 0 0 0 0 1
1 0 1 1 1 0 1 1 1 1 0 0 0 0 0 1
1 0 1 1 1 0 1 1 1 1 1 0 0 0 0 1
1 1 1 1 1 0 1 1 1 1 1 1 0 0 0 1
1 1 1 1 1 0 1 1 1 1 1 1 1 0 0 1
1 1 1 1 1 0 1 1 1 1 1 1 1 1 0 1
1 1 1 1 1 0 1 1 1 1 1 1 1 1 1 1
1 1 1 1 1 0 1 1 1 1 1 1 1 1 1 1

//road
0 0 0 0 0 0 0 0 0 0 0 0 0 0 0 0
0 0 0 0 0 0 0 0 0 0 0 0 0 0 0 0
0 0 0 0 0 0 0 0 0 0 0 0 0 0 0 0
0 0 0 0 0 0 0 0 0 0 0 0 0 0 0 0
0 0 0 0 0 0 0 0 0 0 0 0 0 0 0 0
0 0 0 0 0 0 0 0 0 0 0 0 0 0 0 0
0 0 0 0 0 0 0 1 0 0 0 0 0 0 0 0
0 0 0 0 0 0 0 1 1 0 0 0 0 0 0 0
0 0 0 0 0 0 0 1 1 0 0 0 0 0 0 0
0 0 0 0 0 0 0 1 1 0 0 0 0 0 0 0
0 0 0 0 0 0 0 1 1 0 0 0 0 0 0 0
0 0 0 0 0 0 0 1 1 0 0 0 0 0 0 0
0 0 0 0 0 0 0 1 1 0 0 0 0 0 0 0
0 0 0 0 0 0 0 1 1 0 0 0 0 0 0 0
0 0 0 0 0 0 0 1 1 0 0 0 0 0 0 0
0 0 0 0 0 0 0 0 1 0 0 0 0 0 0 0